                 precision    recall  f1-score   support

           call     0.6809    0.7273    0.7033        44
        dislike     0.7368    0.8400    0.7850        50
           fist     0.7872    0.8043    0.7957        46
           four     0.7292    0.6140    0.6667        57
       grabbing     0.8909    0.8750    0.8829        56
           grip     0.8704    0.8868    0.8785        53
     hand_heart     0.9574    0.9574    0.9574        47
    hand_heart2     0.9400    0.9792    0.9592        48
           holy     1.0000    1.0000    1.0000        61
           like     0.7143    0.5208    0.6024        48
  little_finger     0.8246    0.8246    0.8246        57
  middle_finger     0.7556    0.6538    0.7010        52
           mute     0.6923    0.8182    0.7500        44
     no_gesture     0.8936    0.8571    0.8750        49
             ok     0.5652    0.5098    0.5361        51
            one     0.6735    0.7021    0.6875        47
           palm     0.7797    0.7931    0.7863        58
          peace     0.7750    0.6327    0.6966        49
 peace_inverted     0.8500    0.7556    0.8000        45
          point     0.7222    0.8478    0.7800        46
           rock     0.5645    0.6364    0.5983        55
           stop     0.7805    0.6809    0.7273        47
  stop_inverted     0.7000    0.8305    0.7597        59
   take_picture     0.9623    0.9623    0.9623        53
          three     0.4909    0.5745    0.5294        47
         three2     0.9286    0.7959    0.8571        49
         three3     0.6897    0.7692    0.7273        52
      three_gun     0.8033    0.9423    0.8673        52
    thumb_index     0.8478    0.8478    0.8478        46
   thumb_index2     0.9730    1.0000    0.9863        36
        timeout     0.9796    0.9600    0.9697        50
         two_up     0.8718    0.6538    0.7473        52
two_up_inverted     0.5882    0.6522    0.6186        46
          xsign     1.0000    0.9583    0.9787        48

       accuracy                         0.7900      1700
      macro avg     0.7947    0.7901    0.7896      1700
   weighted avg     0.7949    0.7900    0.7896      1700
